7f454c460201010000000000000000000200b70001000000001400000000
00004000000000000000e01e000000000000000000004000380001004000
090008000100000007000000000000000000000000000000000000000000
0000000000006018000000000000601c0000000000000000010000000000
000000000000000000000000000000000000000000000000000000000000
000000000000000000000000000000000000000000000000000000000000
000000000000000000000000000000000000000000000000000000000000
000000000000000000000000000000000000000000000000000000000000
000000000000000000000000000000000000000000000000000000000000
000000000000000000000000000000000000000000000000000000000000
000000000000000000000000000000000000000000000000000000000000
000000000000000000000000000000000000000000000000000000000000
000000000000000000000000000000000000000000000000000000000000
000000000000000000000000000000000000000000000000000000000000
000000000000000000000000000000000000000000000000000000000000
000000000000000000000000000000000000000000000000000000000000
000000000000000000000000000000000000000000000000000000000000
000000000000000000000000000000000000000000000000000000000000
000000000000000000000000000000000000000000000000000000000000
000000000000000000000000000000000000000000000000000000000000
000000000000000000000000000000000000000000000000000000000000
000000000000000000000000000000000000000000000000000000000000
000000000000000000000000000000000000000000000000000000000000
000000000000000000000000000000000000000000000000000000000000
000000000000000000000000000000000000000000000000000000000000
000000000000000000000000000000000000000000000000000000000000
000000000000000000000000000000000000000000000000000000000000
000000000000000000000000000000000000000000000000000000000000
000000000000000000000000000000000000000000000000000000000000
000000000000000000000000000000000000000000000000000000000000
000000000000000000000000000000000000000000000000000000000000
000000000000000000000000000000000000000000000000000000000000
000000000000000000000000000000000000000000000000000000000000
000000000000000000000000000000000000000000000000000000000000
000000000000000000000000000000000000000000000000000000000000
000000000000000000000000000000000000000000000000000000000000
000000000000000000000000000000000000000000000000000000000000
000000000000000000000000000000000000000000000000000000000000
000000000000000000000000000000000000000000000000000000000000
000000000000000000000000000000000000000000000000000000000000
000000000000000000000000000000000000000000000000000000000000
000000000000000000000000000000000000000000000000000000000000
000000000000000000000000000000000000000000000000000000000000
000000000000000000000000000000000000000000000000000000000000
000000000000000000000000000000000000000000000000000000000000
000000000000000000000000000000000000000000000000000000000000
000000000000000000000000000000000000000000000000000000000000
000000000000000000000000000000000000000000000000000000000000
000000000000000000000000000000000000000000000000000000000000
000000000000000000000000000000000000000000000000000000000000
000000000000000000000000000000000000000000000000000000000000
000000000000000000000000000000000000000000000000000000000000
000000000000000000000000000000000000000000000000000000000000
000000000000000000000000000000000000000000000000000000000000
000000000000000000000000000000000000000000000000000000000000
000000000000000000000000000000000000000000000000000000000000
000000000000000000000000000000000000000000000000000000000000
000000000000000000000000000000000000000000000000000000000000
000000000000000000000000000000000000000000000000000000000000
000000000000000000000000000000000000000000000000000000000000
000000000000000000000000000000000000000000000000000000000000
000000000000000000000000000000000000000000000000000000000000
000000000000000000000000000000000000000000000000000000000000
000000000000000000000000000000000000000000000000000000000000
000000000000000000000000000000000000000000000000000000000000
000000000000000000000000000000000000000000000000000000000000
000000000000000000000000000000000000000000000000000000000000
000000000000000000000000000000000000000000000000000000000000
000000000000000000000000000000000000000000000000000000000000
000000000000000000000000000000000000000000000000000000000000
000000000000000000000000000000000000000000000000000000000000
000000000000000000000000000000000000000000000000000000000000
000000000000000000000000000000000000000000000000000000000000
000000000000000000000000000000000000000000000000000000000000
000000000000000000000000000000000000000000000000000000000000
000000000000000000000000000000000000000000000000000000000000
000000000000000000000000000000000000000000000000000000000000
000000000000000000000000000000000000000000000000000000000000
000000000000000000000000000000000000000000000000000000000000
000000000000000000000000000000000000000000000000000000000000
000000000000000000000000000000000000000000000000000000000000
000000000000000000000000000000000000000000000000000000000000
000000000000000000000000000000000000000000000000000000000000
000000000000000000000000000000000000000000000000000000000000
000000000000000000000000000000000000000000000000000000000000
000000000000000000000000000000000000000000000000000000000000
000000000000000000000000000000000000000000000000000000000000
000000000000000000000000000000000000000000000000000000000000
000000000000000000000000000000000000000000000000000000000000
000000000000000000000000000000000000000000000000000000000000
000000000000000000000000000000000000000000000000000000000000
000000000000000000000000000000000000000000000000000000000000
000000000000000000000000000000000000000000000000000000000000
000000000000000000000000000000000000000000000000000000000000
000000000000000000000000000000000000000000000000000000000000
000000000000000000000000000000000000000000000000000000000000
000000000000000000000000000000000000000000000000000000000000
000000000000000000000000000000000000000000000000000000000000
000000000000000000000000000000000000000000000000000000000000
000000000000000000000000000000000000000000000000000000000000
000000000000000000000000000000000000000000000000000000000000
000000000000000000000000000000000000000000000000000000000000
000000000000000000000000000000000000000000000000000000000000
000000000000000000000000000000000000000000000000000000000000
000000000000000000000000000000000000000000000000000000000000
000000000000000000000000000000000000000000000000000000000000
000000000000000000000000000000000000000000000000000000000000
000000000000000000000000000000000000000000000000000000000000
000000000000000000000000000000000000000000000000000000000000
000000000000000000000000000000000000000000000000000000000000
000000000000000000000000000000000000000000000000000000000000
000000000000000000000000000000000000000000000000000000000000
000000000000000000000000000000000000000000000000000000000000
000000000000000000000000000000000000000000000000000000000000
000000000000000000000000000000000000000000000000000000000000
000000000000000000000000000000000000000000000000000000000000
000000000000000000000000000000000000000000000000000000000000
000000000000000000000000000000000000000000000000000000000000
000000000000000000000000000000000000000000000000000000000000
000000000000000000000000000000000000000000000000000000000000
000000000000000000000000000000000000000000000000000000000000
000000000000000000000000000000000000000000000000000000000000
000000000000000000000000000000000000000000000000000000000000
000000000000000000000000000000000000000000000000000000000000
000000000000000000000000000000000000000000000000000000000000
000000000000000000000000000000000000000000000000000000000000
000000000000000000000000000000000000000000000000000000000000
000000000000000000000000000000000000000000000000000000000000
000000000000000000000000000000000000000000000000000000000000
000000000000000000000000000000000000000000000000000000000000
000000000000000000000000000000000000000000000000000000000000
000000000000000000000000000000000000000000000000000000000000
000000000000000000000000000000000000000000000000000000000000
000000000000000000000000000000000000000000000000000000000000
000000000000000000000000000000000000000000000000000000000000
000000000000000000000000000000000000000000000000000000000000
000000000000000000000000000000000000000000000000000000000000
000000000000000000000000000000000000000000000000000000000000
000000000000000000000000000000000000000000000000000000000000
000000000000000000000000000000000000000000000000000000000000
000000000000000000000000000000000000000000000000000000000000
000000000000000000000000000000000000000000000000000000000000
000000000000000000000000000000000000000000000000000000000000
000000000000000000000000000000000000000000000000000000000000
000000000000000000000000000000000000000000000000000000000000
000000000000000000000000000000000000000000000000000000000000
000000000000000000000000000000000000000000000000000000000000
000000000000000000000000000000000000000000000000000000000000
000000000000000000000000000000000000000000000000000000000000
000000000000000000000000000000000000000000000000000000000000
000000000000000000000000000000000000000000000000000000000000
000000000000000000000000000000000000000000000000000000000000
000000000000000000000000000000000000000000000000000000000000
000000000000000000000000000000000000000000000000000000000000
000000000000000000000000000000000000000000000000000000000000
000000000000000000000000000000000000000000000000000000000000
000000000000000000000000000000000000000000000000000000000000
000000000000000000000000000000000000000000000000000000000000
000000000000000000000000000000000000000000000000000000000000
000000000000000000000000000000000000000000000000000000000000
000000000000000000000000000000000000000000000000000000000000
000000000000000000000000000000000000000000000000000000000000
000000000000000000000000000000000000000000000000000000000000
000000000000000000000000000000000000000000000000000000000000
000000000000000000000000000000000000000000000000000000000000
000000000000000000000000000000000000000000000000000000000000
000000000000000000000000000000000000000000000000000000000000
000000000000000000000000000000000000000000000000000000000000
000000000000000000000000000000000000000000000000000000000000
000000000000000000000000000000000000000000000000000000000000
0000000000000000000000000000000000000000000800581f000091a700
0094000020d4c0035fd6c80080d200005ed4c0035fd6a80080d200005ed4
c0035fd6280080d200005ed4c0035fd6480080d200005ed4c0035fd61f20
03d51f2003d51f2003d51f2003d51f2003d51f2003d51f2003d51f2003d5
1f2003d51f2003d51f2003d51f2003d51f2003d51f2003d51f2003d51f20
03d51f2003d51f2003d51f2003d51f2003d51f2003d51f2003d51f2003d5
1f2003d51f2003d51f2003d51f2003d51f2003d51f2003d51f2003d51f20
03d51f2003d51f2003d51f2003d51f2003d51f2003d51f2003d51f2003d5
1f2003d51f2003d51f2003d51f2003d51f2003d51f2003d51f2003d51f20
03d51f2003d5601c0000ff4300d1fe0300f9c0ffff97ff8300d1fe0300f9
e283009141fc1f38e10302aa22008052beffff97fe0340f9ff830091c003
5fd6ff4300d1f37b00a9f303012af3ffff97e003132af37b40a9ff430091
c0035fd6ff8300d1f35300a9fe0b00f9f403002af30301aa21004039a100
0034e003142af0ffff97611e4038a1ffff3500008052f35340a9fe0b40f9
ff830091c0035fd6ffc300d1fe0300f9ffa30039810000b55f001f6be317
9f1a4200030be49f009106000090c6401d9106000014250c4092c5686538
85f41f3821fc44d34200034b5f001f6be3079f1a23ffff3501ffffb58104
0091dbffff9700008052fe0340f9ffc30091c0035fd6ff8300d1fe0300f9
e16300910201805281ffff97e00f40f9fe0340f9ff830091c0035fd6ff03
01d1f35300a9f55b01a9f76302a9fe1b00f9f60300aaf70301aaf803022a
0000403900020034f50316aa030080d2f403032af36a6338e003182ae8ff
ff97000013caa30240390300034aa302003994060011837e4093d502038b
c06a6338a0feff35e00316aaf35340a9f55b41a9f76342a9fe1b40f9ff03
0191c0035fd6ffc300d1f35300a9f57b01a980488fd2e077b9f2a011c8f2
2027e0f2f4c30091808e1ff81300009073a21d91e00313aa210080520200
805254ffff97f503002ae10314aa020180524dffff97e003152a51ffff97
e00313aa01008052e203012a4affff97f303002a0100009021002091e003
01aa21800091e203132ac1ffff97e10300aa200080528bffff9720008052
0100009021e01d9187ffff97e003132a3dffff97000080526effff973031
323334353637383961626364656600000000000000002f6465762f786f72
73686966743634000a000000000000000000000000000000000000000000
000000000000000000000000000000000000000000000000000000000000
000000000000000000000000000000000000000000000000000000000000
000000000000000000000000000000000000000000000000000000000000
000000000000000000000000000000000000000000000000fe7588a95aaa
10529c6a67f482be2156590b9732214693ae400d2e1f834340001dab1b0f
a7d91ab0617eb648a456cf7e4905fd059cf95445fa24c61d68f246cec1ad
ab0824869cf8586562884922821129146374ae28ce8c792dab07bb75259d
4743433a2028474e552920342e392e340000000000000000000000000000
000000000000000000000000000000000000000000000300010000140000
000000000000000000000000000000000300020050170000000000000000
000000000000000000000300030000180000000000000000000000000000
000000000300040060180000000000000000000000000000000000000300
050000000000000000000000000000000000010000000400f1ff00000000
000000000000000000000000110000000000010000140000000000000000
000000000000140000000000010000150000000000000000000000000000
20000000000001000c140000000000000000000000000000110000000000
010010140000000000000000000000000000200000000000010018140000
00000000000000000000000011000000000001001c140000000000000000
000000000000200000000000010024140000000000000000000000000000
110000000000010028140000000000000000000000000000200000000000
010030140000000000000000000000000000110000000000010034140000
00000000000000000000000020000000000001003c140000000000000000
000000000000110000000000010040140000000000000000000000000000
200000000000010000150000000000000000000000000000230000000400
f1ff00000000000000000000000000000000110000000000010004150000
000000000000000000000000200000000000030000180000000000000000
000000000000200000000000020050170000000000000000000000000000
310000001200010024160000000000008000000000000000380000001200
010038150000000000002000000000000000400000001000010010000000
000000000000000000000000450000001000010014000000000000000000
0000000000004a000000120001000c140000000000000000000000000000
510000001000f1ff40000000000000000000000000000000570000001200
0100201400000000000000000000000000005f0000001000010050170000
000000000000000000000000660000001000030000180000000000000000
0000000000006a0000001200010010150000000000002800000000000000
710000001200010014140000000000000000000000000000780000001200
0100581500000000000040000000000000007d000000120001002c140000
000000000000000000000000840000001100030000180000000000002000
000000000000890000001100030020180000000000004000000000000000
910000001000010004000000000000000000000000000000960000001000
0300601800000000000000000000000000009c0000001200010000160000
000000002400000000000000ad0000001200010000140000000000000000
000000000000b4000000100001001c000000000000000000000000000000
b900000012000100a416000000000000ac00000000000000be0000001000
010018000000000000000000000000000000c30000001000010008000000
000000000000000000000000c700000010000400601c0000000000000000
000000000000cf0000001200010038140000000000000000000000000000
d70000001000030060180000000000000000000000000000de0000001000
0400601c0000000000000000000000000000e30000001200010098150000
0000000068000000000000004c0000001200010004150000000000000c00
000000000000eb000000100001000c000000000000000000000000000000
f30000001000020080170000000000000000000000000000002f746d702f
63635a6b7a6a49422e6f002478005f737461636b5f616464720024640061
6172636836342d656c662e63006465636f64650070757463686172005f2e
6431005f2e6432005f5f65786974005f2e746d70005f5f7772697465005f
6574657874005f677000777269746531005f5f726561640070757473005f
5f6f70656e00666c61670072616e6476616c005f2e7879005f6562737300
6765745f72616e646f6d5f76616c7565005f7374617274005f2e6434006d
61696e005f2e6433005f2e7a005f65737461636b005f5f636c6f7365005f
6564617461005f656e64007075747876616c005f2e6672616d65005f6572
6f6461746100002e73796d746162002e737472746162002e736873747274
6162002e74657874002e726f64617461002e64617461002e737461636b00
2e636f6d6d656e7400000000000000000000000000000000000000000000
000000000000000000000000000000000000000000000000000000000000
0000000000000000000000000000000000001b0000000100000006000000
000000000014000000000000001400000000000050030000000000000000
000000000000000100000000000000000000000000002100000001000000
320000000000000050170000000000005017000000000000300000000000
000000000000000000000800000000000000010000000000000029000000
010000000300000000000000001800000000000000180000000000006000
000000000000000000000000000008000000000000000000000000000000
2f0000000800000003000000000000006018000000000000601800000000
000000040000000000000000000000000000010000000000000000000000
000000003600000001000000300000000000000000000000000000006018
000000000000110000000000000000000000000000000100000000000000
010000000000000001000000020000000000000000000000000000000000
000078180000000000002805000000000000070000001800000008000000
000000001800000000000000090000000300000000000000000000000000
000000000000a01d000000000000fc000000000000000000000000000000
010000000000000000000000000000001100000003000000000000000000
000000000000000000009c1e0000000000003f0000000000000000000000
0000000001000000000000000000000000000000
